       5    1997 36 Rows 72 Columns.  Missing =  -99.99 Version = HadSST.3.1.1.0       Field_status = f Realisation = -1
 -99.99  -99.99  -99.99  -99.99  -99.99  -99.99  -99.99  -99.99  -99.99  -99.99  -99.99  -99.99  -99.99  -99.99  -99.99  -99.99  -99.99  -99.99  -99.99  -99.99  -99.99  -99.99  -99.99  -99.99  -99.99  -99.99  -99.99  -99.99  -99.99  -99.99  -99.99  -99.99  -99.99  -99.99  -99.99  -99.99  -99.99  -99.99  -99.99  -99.99  -99.99  -99.99  -99.99  -99.99  -99.99  -99.99  -99.99  -99.99  -99.99  -99.99  -99.99  -99.99  -99.99  -99.99  -99.99  -99.99  -99.99  -99.99  -99.99  -99.99  -99.99  -99.99  -99.99  -99.99  -99.99  -99.99  -99.99  -99.99  -99.99  -99.99  -99.99  -99.99
 -99.99  -99.99  -99.99  -99.99  -99.99  -99.99  -99.99  -99.99  -99.99  -99.99  -99.99  -99.99  -99.99  -99.99  -99.99  -99.99  -99.99  -99.99  -99.99  -99.99  -99.99  -99.99  -99.99  -99.99  -99.99  -99.99  -99.99  -99.99  -99.99  -99.99  -99.99  -99.99  -99.99  -99.99  -99.99  -99.99  -99.99  -99.99  -99.99  -99.99  -99.99  -99.99  -99.99  -99.99  -99.99  -99.99  -99.99  -99.99  -99.99  -99.99  -99.99  -99.99  -99.99  -99.99  -99.99  -99.99  -99.99  -99.99  -99.99  -99.99  -99.99  -99.99  -99.99  -99.99  -99.99  -99.99  -99.99  -99.99  -99.99  -99.99  -99.99  -99.99
 -99.99  -99.99  -99.99  -99.99  -99.99  -99.99  -99.99  -99.99  -99.99  -99.99  -99.99  -99.99  -99.99  -99.99  -99.99  -99.99  -99.99  -99.99  -99.99  -99.99  -99.99  -99.99  -99.99  -99.99  -99.99  -99.99  -99.99  -99.99  -99.99  -99.99  -99.99  -99.99  -99.99    2.08    1.39   -1.47   -1.89   -1.97   -1.73   -1.71    1.10   -0.83    0.63   -0.89   -0.44  -99.99  -99.99  -99.99  -99.99  -99.99  -99.99  -99.99  -99.99  -99.99  -99.99  -99.99  -99.99  -99.99  -99.99  -99.99  -99.99  -99.99  -99.99  -99.99  -99.99  -99.99  -99.99  -99.99  -99.99  -99.99  -99.99  -99.99
 -99.99  -99.99  -99.99  -99.99  -99.99  -99.99  -99.99  -99.99  -99.99  -99.99  -99.99  -99.99  -99.99  -99.99  -99.99  -99.99  -99.99  -99.99  -99.99  -99.99  -99.99  -99.99  -99.99  -99.99  -99.99  -99.99  -99.99  -99.99  -99.99  -99.99  -99.99  -99.99  -99.99    2.16   -1.06   -1.62   -1.78   -1.50   -0.04   -0.55   -0.59    0.03    0.02   -0.82   -2.21  -99.99  -99.99  -99.99  -99.99  -99.99  -99.99  -99.99  -99.99  -99.99  -99.99  -99.99  -99.99  -99.99  -99.99  -99.99  -99.99  -99.99  -99.99  -99.99  -99.99  -99.99  -99.99  -99.99  -99.99  -99.99  -99.99  -99.99
 -99.99  -99.99  -99.99  -99.99  -99.99  -99.99  -99.99  -99.99  -99.99  -99.99  -99.99  -99.99  -99.99  -99.99  -99.99  -99.99  -99.99  -99.99  -99.99  -99.99  -99.99  -99.99  -99.99    2.19   -0.34    0.02  -99.99  -99.99  -99.99    0.21    0.48    0.06    0.13   -1.05   -1.28   -0.99   -0.46   -0.75   -0.66   -0.82   -0.98  -99.99   -0.45    0.93    0.48   -2.03   -0.63   -0.58  -99.99  -99.99  -99.99  -99.99  -99.99  -99.99  -99.99  -99.99  -99.99  -99.99  -99.99  -99.99  -99.99  -99.99  -99.99  -99.99  -99.99  -99.99  -99.99  -99.99  -99.99  -99.99  -99.99  -99.99
   3.03  -99.99  -99.99  -99.99  -99.99    0.21    0.65  -99.99  -99.99  -99.99  -99.99  -99.99  -99.99  -99.99  -99.99  -99.99  -99.99  -99.99  -99.99  -99.99  -99.99  -99.99  -99.99  -99.99    1.05    0.26   -1.46    1.63    1.01    0.77    0.36    0.32    0.47    0.06   -0.32   -0.63   -0.38   -0.60    0.19   -0.42   -1.30  -99.99  -99.99  -99.99  -99.99  -99.99  -99.99  -99.99  -99.99  -99.99  -99.99  -99.99  -99.99  -99.99  -99.99  -99.99  -99.99  -99.99  -99.99  -99.99  -99.99  -99.99  -99.99  -99.99  -99.99  -99.99  -99.99  -99.99  -99.99    4.28  -99.99    1.51
   0.74    2.13    0.43    0.37    0.79    0.77    0.76    0.43    0.12   -0.31  -99.99  -99.99  -99.99  -99.99  -99.99  -99.99  -99.99  -99.99  -99.99  -99.99  -99.99  -99.99  -99.99   -1.42    1.34    0.51    0.95    0.19    0.43    0.98    1.16    1.03    0.62    0.33    0.47    0.32    0.35   -0.08   -0.17   -0.51   -0.97   -0.89  -99.99  -99.99  -99.99  -99.99  -99.99  -99.99  -99.99  -99.99  -99.99  -99.99  -99.99  -99.99  -99.99  -99.99  -99.99  -99.99  -99.99  -99.99  -99.99  -99.99  -99.99  -99.99    0.75    0.19    0.73    0.51    1.68    1.46    0.79    1.04
   0.51    0.41    0.34    0.49    0.79    0.83    0.83    0.75    0.87    1.44    1.12  -99.99  -99.99  -99.99  -99.99  -99.99  -99.99  -99.99  -99.99  -99.99  -99.99  -99.99   -0.35   -0.80   -0.38    0.28    0.78    0.76    0.76    1.63    1.58    1.25    0.86    0.70    0.93    1.00    0.85    0.95    1.11   -0.15  -99.99  -99.99  -99.99  -99.99  -99.99  -99.99  -99.99  -99.99  -99.99  -99.99  -99.99  -99.99  -99.99  -99.99  -99.99  -99.99  -99.99  -99.99  -99.99  -99.99  -99.99  -99.99  -99.99  -99.99    1.35    1.11    2.69    1.78    0.98    0.79    0.54    0.47
   0.26    0.65    0.72    1.03    1.26    1.36    1.01    0.68    1.05    1.23    1.03    0.85  -99.99  -99.99  -99.99  -99.99  -99.99    0.16   -0.30   -0.49  -99.99  -99.99   -0.37   -0.94   -1.73   -1.09   -0.69   -0.64    0.26    0.89    1.29    1.29    1.10    0.89    0.78    0.63    0.65  -99.99   -0.01  -99.99  -99.99  -99.99  -99.99  -99.99  -99.99  -99.99  -99.99  -99.99  -99.99  -99.99  -99.99  -99.99  -99.99  -99.99  -99.99  -99.99  -99.99  -99.99  -99.99  -99.99  -99.99  -99.99  -99.99   -0.94    0.68    0.40    0.85    0.97    0.42    0.08    0.05    0.05
  -0.45   -0.09   -0.23   -0.01    0.11    0.09    0.20    0.81    1.16    1.86    1.76    1.97  -99.99  -99.99  -99.99  -99.99  -99.99  -99.99   -0.57   -0.90   -0.00   -0.40   -1.14   -0.77   -0.17   -1.02   -0.67    0.13    0.02    0.23    0.74    1.24    1.13    1.34    1.29    0.69    0.50    0.31    0.18   -0.24   -0.50   -1.31    1.88  -99.99  -99.99  -99.99  -99.99  -99.99  -99.99  -99.99  -99.99  -99.99  -99.99  -99.99  -99.99  -99.99  -99.99  -99.99  -99.99  -99.99  -99.99  -99.99    0.27   -0.41   -0.09   -0.65   -0.81   -1.14   -1.08   -0.81   -0.87   -0.65
  -0.81   -0.51   -1.53   -1.46   -2.01   -1.83   -0.82    0.76    1.73    2.37    3.09    1.33  -99.99  -99.99  -99.99  -99.99  -99.99  -99.99  -99.99  -99.99   -0.36   -1.31   -0.69    0.11   -0.05   -0.56   -0.31   -0.57   -0.11    0.06    0.21    0.59    1.28    1.57    1.35    0.92    0.95    0.69    0.53    0.23   -0.30   -0.34   -0.28  -99.99  -99.99  -99.99  -99.99  -99.99  -99.99  -99.99  -99.99  -99.99  -99.99  -99.99  -99.99  -99.99  -99.99  -99.99  -99.99  -99.99    2.32    1.93   -0.15    0.36    0.85   -0.21   -0.92   -0.54   -0.80   -0.82   -0.65   -0.48
  -1.02   -1.71   -1.32   -2.49   -2.20   -1.55    0.24    1.52    1.99    3.06    3.10    1.62    2.06  -99.99  -99.99  -99.99  -99.99  -99.99   -0.97   -0.85   -0.21   -0.26   -0.49   -0.18   -0.48   -0.24   -0.25   -0.22   -0.05    0.30    0.61    0.85    1.11    1.60    1.41  -99.99  -99.99  -99.99   -0.24    0.74    0.22    0.52   -0.16   -0.59  -99.99  -99.99  -99.99  -99.99  -99.99  -99.99  -99.99  -99.99  -99.99  -99.99  -99.99  -99.99  -99.99  -99.99  -99.99  -99.99    1.52    0.51    1.27    0.79    1.13    0.98    0.55    0.97    1.31    1.88    1.29    2.02
  -1.00   -1.19   -1.68   -2.38   -0.40    0.36    0.44    0.94    1.64    3.10    1.96    1.98    1.53    1.01    1.99  -99.99   -0.67   -0.21   -0.35    0.28    0.51    0.56    0.14    0.40   -0.24   -0.22   -0.34   -0.15    0.23    1.10    1.19    1.09    1.45    1.78  -99.99  -99.99  -99.99  -99.99  -99.99  -99.99  -99.99  -99.99   -0.37   -0.71  -99.99   -1.06   -0.36   -0.57  -99.99  -99.99  -99.99  -99.99  -99.99  -99.99  -99.99  -99.99  -99.99  -99.99  -99.99    1.82    0.84    1.03    0.58    0.35    0.53    1.20    1.21    1.24    0.88    0.54    0.11   -0.88
  -0.62   -0.89   -0.75   -0.29    0.38    0.31    0.41    1.09    1.29    1.05    1.03    1.06    1.43    1.21    1.36  -99.99   -0.43    0.26    0.48    0.34    0.33    0.63    0.21    0.43    0.14   -0.13   -0.22    0.02    0.03    0.52    0.95    0.87    0.82  -99.99  -99.99  -99.99  -99.99  -99.99  -99.99  -99.99  -99.99  -99.99  -99.99   -0.59  -99.99  -99.99   -0.10    0.29   -0.09   -0.72  -99.99  -99.99  -99.99  -99.99    0.05  -99.99  -99.99  -99.99   -0.15    0.29    0.16   -0.11   -0.38   -0.05    0.33    0.11   -0.24   -0.02   -0.12    0.06   -0.62   -0.65
  -0.03   -0.32    0.10    0.31    0.96    1.57    0.69    1.16    0.56    0.40    0.99    1.66    1.00    0.78    0.75    0.83    0.39    0.59    0.02    0.09   -0.20   -0.05    0.14   -0.01   -0.13   -0.43    0.16    0.49    1.72    1.43    0.01    1.40    0.99  -99.99  -99.99  -99.99  -99.99  -99.99  -99.99  -99.99  -99.99  -99.99  -99.99   -0.55   -0.21  -99.99    0.19    0.32    0.05   -0.11   -0.36  -99.99   -1.00   -0.51   -0.54  -99.99  -99.99   -0.32    0.16    0.14    0.21   -0.25    0.20   -0.05    0.14    0.07   -0.03   -0.26   -0.13   -0.27   -0.27   -0.25
   0.19    0.41   -0.15    0.43    0.82    0.32    1.38   -0.27   -0.27   -0.32    0.79    0.34    0.56    0.42    0.28   -0.00    0.08    0.44   -0.20    0.27   -0.06   -0.41    0.21    0.08    0.07    0.10    0.38    0.15    0.68    0.83    0.67    0.88    0.28  -99.99  -99.99  -99.99  -99.99  -99.99  -99.99  -99.99  -99.99  -99.99  -99.99  -99.99   -0.17   -0.06    0.12    0.07    0.15    0.55    0.32    0.28   -0.15    0.39    0.18   -0.10    1.05    0.48    0.32    0.28    1.05    0.16    0.13    0.09   -0.05    0.52    0.66    0.71    0.86    0.70    0.25    0.64
   0.78    1.00    1.08    0.71    1.15    0.78    0.49    0.70    0.94    0.53    0.47    0.56    0.75    0.77    0.49    0.45    0.49    0.72    0.90    0.73    0.39  -99.99  -99.99  -99.99    0.05    0.16   -0.20    0.67    0.88    0.73    0.32    0.24   -0.07   -0.51   -1.43   -0.48    0.50    0.49  -99.99  -99.99  -99.99  -99.99  -99.99  -99.99  -99.99   -0.45   -0.10   -0.27   -0.24    0.13    0.41    0.45    0.27    0.16    0.16    0.36    0.88    0.40   -0.01    0.00    0.15   -0.08    0.44    0.35   -0.08    0.41    0.67    0.60  -99.99    0.52  -99.99    0.80
   1.50    1.68    1.42    2.78    1.24    0.92    1.30    1.42    0.86  -99.99    0.97    0.85    1.27    1.90    1.36    1.26    1.53    1.31    2.13    1.34    0.56  -99.99  -99.99  -99.99  -99.99    0.30    0.14   -0.21    0.14    0.03    0.04    0.53    0.67   -0.42   -0.76   -0.85   -0.49    0.36  -99.99  -99.99  -99.99  -99.99  -99.99  -99.99   -1.23   -0.16   -0.31   -0.72    0.12    0.33  -99.99    0.11    0.26    0.17    0.18    0.23    0.39    0.45    1.13    0.44   -1.11   -0.26   -0.09    0.34   -0.04    0.00    0.25    0.31    0.53    0.50    1.80  -99.99
   1.11    0.91    1.16    1.12    1.09    0.83    0.77    1.76    0.91  -99.99  -99.99    1.11    0.94    1.34    1.64    1.68    2.03    1.94    2.92    2.75  -99.99  -99.99  -99.99  -99.99  -99.99  -99.99  -99.99    0.03   -0.23   -0.32   -0.43   -1.17   -1.23   -0.82   -0.80    0.60   -0.58    0.23   -1.65  -99.99  -99.99  -99.99  -99.99    1.45   -0.52    0.26    0.09   -0.56    0.57    0.59    0.27   -0.15   -0.47    0.04   -0.02    0.15    0.85    0.10    0.17    0.59    0.20   -0.32   -0.31    0.71    0.19   -0.13   -0.31   -0.12    0.39    0.04    0.74    0.94
   0.16    0.15    0.21    0.43    0.55    0.58    0.35   -0.08    0.03   -0.10    0.38    0.50    0.35    0.42    0.66    0.75    0.99    0.96    1.43    3.14    3.57  -99.99  -99.99  -99.99  -99.99  -99.99  -99.99  -99.99   -2.26   -0.32   -0.28   -0.30   -1.00   -0.79   -0.87   -0.90   -1.91   -0.51   -1.96  -99.99  -99.99  -99.99  -99.99   -2.00    0.11    0.57    0.48    0.39    1.39    0.73    0.25   -0.36   -1.26    0.80    0.12    0.72    0.17   -0.35   -0.19    0.03   -0.06   -0.15   -0.10   -0.75   -0.46   -0.40   -0.64   -0.95    0.23    0.58    0.71    0.30
  -0.19    0.10    0.55    0.66    0.60    0.23    0.41    0.35    0.36   -0.19    0.52    0.34    0.35    0.26    1.01    0.88    0.62    1.12    0.99    2.11    2.32  -99.99  -99.99  -99.99  -99.99  -99.99  -99.99  -99.99   -0.68   -0.39   -0.76   -0.48   -0.24   -0.90   -1.33   -1.23   -1.21   -1.58   -1.50  -99.99  -99.99  -99.99  -99.99  -99.99   -0.04    1.15    0.13   -0.09    0.24   -0.16   -0.27    0.48    0.32   -0.25    0.62   -0.50    0.16    0.29   -0.50    0.71   -0.00    0.35   -0.65   -0.32   -1.14   -0.71   -0.44   -0.36    0.33  -99.99    0.01    0.21
  -0.74    0.13    0.43    0.14    0.47    0.27    0.24    0.10    0.45    0.36    0.68    0.34    0.56    1.15    0.17    0.32  -99.99  -99.99    1.58    2.24    2.09    1.92  -99.99  -99.99  -99.99  -99.99  -99.99  -99.99   -0.56   -0.41   -1.26   -1.31   -0.66   -0.74   -0.16   -1.42   -0.90   -0.61   -0.35  -99.99  -99.99  -99.99  -99.99   -0.46   -0.31  -99.99    0.31   -0.17   -0.13   -1.65   -0.27    1.39    1.35    0.39    0.10    0.11   -0.90    0.62    0.24    1.00    0.02  -99.99  -99.99  -99.99  -99.99   -1.85   -0.47    0.32    0.27    0.06   -0.10   -0.11
   0.05    0.41    0.46    0.58    0.51    0.08   -0.42    0.33   -0.01    0.30    0.29    0.48    0.23   -0.32   -1.31  -99.99    1.01    1.09    1.29    1.66    1.03    1.74  -99.99  -99.99  -99.99  -99.99   -0.13   -1.45   -0.35   -0.69   -0.81   -0.35  -99.99   -0.36   -0.73   -0.64   -0.83   -0.44   -1.38  -99.99  -99.99  -99.99  -99.99   -0.25   -0.22    0.00   -0.49   -0.09    0.24    0.82    1.04   -1.11   -0.55   -0.03   -0.07   -0.11   -0.21    0.07    0.61    1.47  -99.99  -99.99  -99.99  -99.99  -99.99   -2.68   -0.56   -0.25   -0.24    0.19    0.63   -0.03
  -0.32    0.24    0.25    0.95    0.48    0.22    0.06    0.54    0.62    0.51    0.12   -0.01   -0.18   -0.50   -0.58    0.20    0.48    0.89    0.92    1.27    1.05    1.29  -99.99  -99.99  -99.99  -99.99   -0.67   -0.12    0.01   -0.05   -0.23   -0.04    0.09   -0.07   -0.63   -0.80   -0.25   -0.10   -0.22   -0.81  -99.99  -99.99   -0.63   -0.68   -0.87   -0.28    0.96    0.77   -0.24   -0.98   -1.06   -0.45    0.03    0.34   -0.36   -0.27    0.25   -0.41    0.69  -99.99  -99.99  -99.99  -99.99  -99.99  -99.99  -99.99   -0.24   -0.17   -0.37   -0.28   -1.37   -0.51
  -0.57    0.22    0.47    0.30    0.50    1.44    1.28    0.83    0.61    0.04   -0.59   -0.42   -0.49   -0.35   -0.80   -1.28    0.25    0.44    0.36    1.44   -0.17    0.71  -99.99  -99.99  -99.99    0.02   -0.14    0.02   -0.22    0.40   -0.30    0.44    0.68    1.18    0.24    0.47   -0.16   -0.31   -0.09   -0.15    0.02   -0.69   -0.90   -0.09    0.93    0.57   -0.29    0.26   -0.43   -0.80   -0.20    0.36    0.28    0.60    0.41    1.43    1.52    0.13    0.57    1.44  -99.99  -99.99   -1.58  -99.99  -99.99  -99.99    0.01    0.39    0.28    0.16    0.05   -0.11
  -0.18    0.03    0.67    1.24    1.28    1.61    0.71    0.69    0.54    0.27    0.65   -1.55   -1.13    0.43    0.04   -0.64    0.06    0.52    0.10    0.49    0.75    0.61  -99.99    1.71    1.44    1.38   -0.68   -0.20    0.52    1.18    0.82    0.82    1.61    1.10    0.58    0.58    0.54   -0.02    1.26    1.48   -0.47   -0.38    0.48   -0.90    1.05    0.86    0.54    0.73   -0.01   -0.34    0.34    2.08    2.45    1.21    1.76    0.72    1.32    1.06    0.14    0.84    0.85    1.05    0.73    0.23   -0.13   -0.07    1.11    1.13    0.38    0.29    0.11   -0.00
   0.69    0.62    0.92    1.53    0.95    2.27    2.53    0.89    1.10    1.30   -0.78    0.95    0.29    0.94  -99.99   -0.34  -99.99    1.41    0.49    0.33    1.21   -1.50  -99.99    0.43    0.94    1.13    1.13    0.88    0.95    1.09    1.04    0.94    1.23    0.62  -99.99   -0.35  -99.99   -1.09   -0.69   -0.77   -1.23    0.69   -0.37   -0.59    2.42    3.28    2.24    1.47   -0.07    1.00    0.18    0.97    1.32    0.61  -99.99  -99.99  -99.99  -99.99    1.04   -0.62  -99.99  -99.99  -99.99   -0.46   -0.98   -0.34    0.12   -0.35   -0.07    0.39    0.09    0.75
  -0.72    0.13    1.00    1.35    1.46    0.77    0.61    0.40   -0.44   -0.60   -0.30   -0.06    0.28    0.93    0.42    1.05   -1.15  -99.99  -99.99  -99.99   -0.73  -99.99   -0.09    0.08   -0.30    1.38    2.01    0.58    2.09   -0.59    0.83   -0.49   -0.49    0.60   -0.09    0.11   -0.52   -1.04   -0.36   -0.13    0.21    1.10    2.17    0.25    0.41    0.72  -99.99  -99.99  -99.99    0.12   -0.13  -99.99  -99.99  -99.99    1.18   -0.18  -99.99   -0.58   -0.45   -0.43    0.02   -0.67   -0.78   -0.11   -0.08    0.48   -1.02    0.25    0.08    0.84    0.10   -0.03
 -99.99  -99.99    0.21    0.68    0.35    1.88  -99.99    0.57    0.68    1.34    0.26    0.59   -0.02    1.24    0.60    0.49    0.42   -0.09   -0.21   -0.24   -0.04  -99.99   -0.84   -0.00    0.29    0.08   -0.08    0.16    0.22    0.05  -99.99    0.21   -0.17  -99.99    0.26    0.24   -0.22   -0.30   -1.40   -0.83   -1.07   -0.20    0.15  -99.99  -99.99  -99.99  -99.99  -99.99  -99.99  -99.99    0.82    0.74  -99.99  -99.99  -99.99  -99.99  -99.99  -99.99  -99.99  -99.99  -99.99  -99.99  -99.99  -99.99  -99.99  -99.99  -99.99  -99.99    0.10   -0.04    0.62  -99.99
 -99.99  -99.99  -99.99  -99.99  -99.99  -99.99  -99.99  -99.99  -99.99  -99.99    0.22  -99.99    0.71  -99.99  -99.99  -99.99  -99.99    0.26   -0.32    0.46    0.26    0.30    1.71   -0.21  -99.99  -99.99  -99.99  -99.99    0.39   -1.02   -0.09    0.04   -0.51   -0.66   -0.79  -99.99  -99.99  -99.99   -0.34    0.73  -99.99   -0.09  -99.99  -99.99  -99.99  -99.99  -99.99  -99.99  -99.99  -99.99    0.83    0.82  -99.99  -99.99  -99.99  -99.99  -99.99  -99.99  -99.99  -99.99  -99.99  -99.99  -99.99  -99.99  -99.99  -99.99  -99.99   -0.00  -99.99  -99.99  -99.99  -99.99
 -99.99  -99.99  -99.99  -99.99  -99.99  -99.99  -99.99  -99.99  -99.99  -99.99  -99.99  -99.99  -99.99  -99.99  -99.99  -99.99  -99.99  -99.99  -99.99  -99.99  -99.99  -99.99  -99.99  -99.99  -99.99  -99.99  -99.99  -99.99  -99.99  -99.99  -99.99  -99.99  -99.99  -99.99  -99.99  -99.99  -99.99  -99.99  -99.99    1.53  -99.99  -99.99  -99.99  -99.99  -99.99  -99.99  -99.99  -99.99  -99.99  -99.99  -99.99   -0.64   -1.11  -99.99  -99.99  -99.99  -99.99   -0.72   -0.76  -99.99   -0.54   -0.72  -99.99  -99.99  -99.99   -0.03    0.30  -99.99  -99.99  -99.99  -99.99  -99.99
 -99.99  -99.99  -99.99  -99.99  -99.99  -99.99  -99.99  -99.99  -99.99  -99.99  -99.99  -99.99  -99.99  -99.99  -99.99  -99.99  -99.99  -99.99  -99.99  -99.99  -99.99  -99.99  -99.99  -99.99  -99.99  -99.99  -99.99  -99.99  -99.99  -99.99  -99.99  -99.99  -99.99  -99.99  -99.99  -99.99  -99.99  -99.99    0.17    0.02    0.03  -99.99  -99.99  -99.99  -99.99  -99.99  -99.99  -99.99  -99.99  -99.99  -99.99  -99.99  -99.99  -99.99  -99.99  -99.99  -99.99  -99.99  -99.99   -0.64  -99.99  -99.99  -99.99  -99.99  -99.99  -99.99  -99.99  -99.99  -99.99  -99.99  -99.99  -99.99
 -99.99  -99.99  -99.99  -99.99  -99.99  -99.99  -99.99  -99.99  -99.99  -99.99  -99.99  -99.99  -99.99  -99.99  -99.99  -99.99  -99.99  -99.99  -99.99  -99.99  -99.99  -99.99  -99.99  -99.99  -99.99  -99.99  -99.99  -99.99  -99.99  -99.99  -99.99  -99.99  -99.99  -99.99  -99.99  -99.99  -99.99  -99.99  -99.99  -99.99  -99.99  -99.99  -99.99  -99.99  -99.99  -99.99  -99.99  -99.99  -99.99  -99.99  -99.99  -99.99  -99.99  -99.99  -99.99  -99.99  -99.99  -99.99  -99.99  -99.99  -99.99  -99.99  -99.99  -99.99  -99.99  -99.99  -99.99  -99.99  -99.99  -99.99  -99.99  -99.99
 -99.99  -99.99  -99.99  -99.99  -99.99  -99.99  -99.99  -99.99  -99.99  -99.99  -99.99  -99.99  -99.99  -99.99  -99.99  -99.99  -99.99  -99.99  -99.99  -99.99  -99.99  -99.99  -99.99  -99.99  -99.99  -99.99  -99.99  -99.99  -99.99  -99.99  -99.99  -99.99  -99.99  -99.99  -99.99  -99.99  -99.99  -99.99  -99.99  -99.99  -99.99  -99.99  -99.99  -99.99  -99.99  -99.99  -99.99  -99.99  -99.99  -99.99  -99.99  -99.99  -99.99  -99.99  -99.99  -99.99  -99.99  -99.99  -99.99  -99.99  -99.99  -99.99  -99.99  -99.99  -99.99  -99.99  -99.99  -99.99  -99.99  -99.99  -99.99  -99.99
 -99.99  -99.99  -99.99  -99.99  -99.99  -99.99  -99.99  -99.99  -99.99  -99.99  -99.99  -99.99  -99.99  -99.99  -99.99  -99.99  -99.99  -99.99  -99.99  -99.99  -99.99  -99.99  -99.99  -99.99  -99.99  -99.99  -99.99  -99.99  -99.99  -99.99  -99.99  -99.99  -99.99  -99.99  -99.99  -99.99  -99.99  -99.99  -99.99  -99.99  -99.99  -99.99  -99.99  -99.99  -99.99  -99.99  -99.99  -99.99  -99.99  -99.99  -99.99  -99.99  -99.99  -99.99  -99.99  -99.99  -99.99  -99.99  -99.99  -99.99  -99.99  -99.99  -99.99  -99.99  -99.99  -99.99  -99.99  -99.99  -99.99  -99.99  -99.99  -99.99
 -99.99  -99.99  -99.99  -99.99  -99.99  -99.99  -99.99  -99.99  -99.99  -99.99  -99.99  -99.99  -99.99  -99.99  -99.99  -99.99  -99.99  -99.99  -99.99  -99.99  -99.99  -99.99  -99.99  -99.99  -99.99  -99.99  -99.99  -99.99  -99.99  -99.99  -99.99  -99.99  -99.99  -99.99  -99.99  -99.99  -99.99  -99.99  -99.99  -99.99  -99.99  -99.99  -99.99  -99.99  -99.99  -99.99  -99.99  -99.99  -99.99  -99.99  -99.99  -99.99  -99.99  -99.99  -99.99  -99.99  -99.99  -99.99  -99.99  -99.99  -99.99  -99.99  -99.99  -99.99  -99.99  -99.99  -99.99  -99.99  -99.99  -99.99  -99.99  -99.99
