       2    2017 36 Rows 72 Columns.  Missing =  -99.99 Version = HadSST.3.1.1.0       Field_status = p Realisation = -1
 -99.99  -99.99  -99.99  -99.99  -99.99  -99.99  -99.99  -99.99  -99.99  -99.99  -99.99  -99.99  -99.99  -99.99  -99.99  -99.99  -99.99  -99.99  -99.99  -99.99  -99.99  -99.99  -99.99  -99.99  -99.99  -99.99  -99.99  -99.99  -99.99  -99.99  -99.99  -99.99  -99.99  -99.99  -99.99  -99.99  -99.99  -99.99  -99.99  -99.99  -99.99  -99.99  -99.99  -99.99  -99.99  -99.99  -99.99  -99.99  -99.99  -99.99  -99.99  -99.99  -99.99  -99.99  -99.99  -99.99  -99.99  -99.99  -99.99  -99.99  -99.99  -99.99  -99.99  -99.99  -99.99  -99.99  -99.99  -99.99  -99.99  -99.99  -99.99  -99.99
 -99.99  -99.99  -99.99  -99.99  -99.99  -99.99  -99.99  -99.99  -99.99  -99.99  -99.99  -99.99  -99.99  -99.99  -99.99  -99.99  -99.99  -99.99  -99.99  -99.99  -99.99  -99.99  -99.99  -99.99  -99.99  -99.99  -99.99  -99.99  -99.99  -99.99  -99.99  -99.99  -99.99  -99.99  -99.99  -99.99    3.74  -99.99  -99.99  -99.99  -99.99  -99.99  -99.99  -99.99  -99.99  -99.99  -99.99  -99.99  -99.99  -99.99  -99.99  -99.99  -99.99  -99.99  -99.99  -99.99  -99.99  -99.99  -99.99  -99.99  -99.99  -99.99  -99.99  -99.99  -99.99  -99.99  -99.99  -99.99  -99.99  -99.99  -99.99  -99.99
 -99.99  -99.99  -99.99  -99.99  -99.99  -99.99  -99.99  -99.99  -99.99  -99.99  -99.99  -99.99  -99.99  -99.99  -99.99  -99.99  -99.99  -99.99  -99.99  -99.99  -99.99  -99.99  -99.99  -99.99  -99.99  -99.99  -99.99  -99.99  -99.99  -99.99  -99.99  -99.99  -99.99  -99.99  -99.99  -99.99    1.32    2.98    2.68  -99.99   -0.92   -0.23    2.54  -99.99  -99.99  -99.99    1.45    1.19  -99.99  -99.99    2.05  -99.99  -99.99  -99.99  -99.99  -99.99  -99.99  -99.99  -99.99  -99.99  -99.99  -99.99  -99.99  -99.99  -99.99  -99.99  -99.99  -99.99  -99.99  -99.99  -99.99  -99.99
 -99.99  -99.99  -99.99  -99.99  -99.99  -99.99  -99.99  -99.99  -99.99  -99.99  -99.99  -99.99  -99.99  -99.99  -99.99  -99.99  -99.99  -99.99  -99.99  -99.99  -99.99  -99.99  -99.99  -99.99  -99.99  -99.99  -99.99  -99.99  -99.99  -99.99  -99.99  -99.99  -99.99  -99.99  -99.99  -99.99  -99.99    1.26    1.57    1.86    1.25    1.69    1.72    2.14    2.65    2.58  -99.99  -99.99  -99.99  -99.99    0.41    0.95  -99.99  -99.99  -99.99  -99.99  -99.99  -99.99  -99.99  -99.99  -99.99  -99.99  -99.99  -99.99  -99.99  -99.99  -99.99  -99.99  -99.99  -99.99  -99.99  -99.99
 -99.99  -99.99  -99.99  -99.99  -99.99  -99.99  -99.99  -99.99  -99.99  -99.99  -99.99  -99.99  -99.99  -99.99  -99.99  -99.99  -99.99  -99.99  -99.99  -99.99  -99.99  -99.99  -99.99  -99.99  -99.99  -99.99  -99.99  -99.99    2.60    2.60    1.29    1.58    1.71    1.52    3.08  -99.99    1.22    1.48    1.91   -0.53    1.55  -99.99    1.79    3.33    5.21  -99.99  -99.99  -99.99  -99.99  -99.99  -99.99  -99.99  -99.99  -99.99  -99.99  -99.99  -99.99  -99.99  -99.99  -99.99  -99.99  -99.99  -99.99  -99.99  -99.99  -99.99  -99.99  -99.99  -99.99  -99.99  -99.99  -99.99
 -99.99  -99.99  -99.99  -99.99  -99.99  -99.99    0.03  -99.99  -99.99  -99.99  -99.99  -99.99  -99.99  -99.99  -99.99  -99.99  -99.99  -99.99  -99.99  -99.99  -99.99    0.57    0.22    0.20  -99.99  -99.99    2.00    1.98    0.68    0.01   -0.22   -0.05    0.02    0.84    0.42    1.85    1.09    1.76  -99.99    2.27    1.15  -99.99  -99.99  -99.99  -99.99  -99.99  -99.99  -99.99  -99.99  -99.99  -99.99  -99.99  -99.99  -99.99  -99.99  -99.99  -99.99  -99.99  -99.99  -99.99  -99.99  -99.99  -99.99  -99.99  -99.99  -99.99  -99.99  -99.99  -99.99  -99.99  -99.99  -99.99
   1.07    0.60    1.33    0.66    0.95    0.67    0.92    0.70    0.72   -0.10  -99.99  -99.99  -99.99  -99.99  -99.99  -99.99  -99.99  -99.99  -99.99  -99.99  -99.99  -99.99  -99.99   -0.25   -0.68    0.96    1.37    0.81   -0.67   -1.08   -0.88   -0.14    0.68    0.54    1.16    0.89    0.99    0.55    1.12    1.37    2.93    3.00  -99.99  -99.99  -99.99  -99.99  -99.99  -99.99  -99.99  -99.99  -99.99  -99.99  -99.99  -99.99  -99.99  -99.99  -99.99  -99.99  -99.99  -99.99  -99.99  -99.99  -99.99  -99.99  -99.99    1.94    2.04  -99.99  -99.99   -1.14    0.86    0.60
   0.42    0.44    0.67    0.56    0.39    0.24    0.46    0.38    0.34    0.59    1.08  -99.99  -99.99  -99.99  -99.99  -99.99  -99.99  -99.99  -99.99  -99.99  -99.99  -99.99    1.04    0.86    0.17   -0.06   -0.76   -1.28    0.67    1.00    0.13    0.31    0.74    0.69    0.03    1.33    1.25    0.72    0.77    0.59  -99.99  -99.99  -99.99  -99.99  -99.99  -99.99  -99.99  -99.99  -99.99  -99.99  -99.99  -99.99  -99.99  -99.99  -99.99  -99.99  -99.99  -99.99  -99.99  -99.99  -99.99  -99.99  -99.99  -99.99  -99.99    1.57   -0.40    0.73    0.28    0.27    0.49    0.46
  -0.57   -0.56   -0.76   -0.77   -0.77   -0.56   -0.72    0.20   -0.06   -0.09    0.36   -0.14  -99.99  -99.99  -99.99  -99.99  -99.99  -99.99   -0.94  -99.99  -99.99  -99.99    0.80    1.04    1.19    0.94    0.16    1.32    1.45    0.73    1.03    0.95    1.01    0.93    0.81    0.57   -0.05  -99.99    2.83  -99.99  -99.99  -99.99  -99.99  -99.99  -99.99  -99.99  -99.99  -99.99  -99.99  -99.99  -99.99  -99.99  -99.99  -99.99  -99.99  -99.99  -99.99  -99.99  -99.99  -99.99  -99.99  -99.99  -99.99    0.01    0.31    0.63   -0.23   -0.11   -0.73   -0.67   -0.42   -0.19
  -0.09   -0.28   -0.78   -0.70   -0.20   -0.20   -1.01   -1.28   -1.26   -0.79    0.03    0.57  -99.99  -99.99  -99.99  -99.99  -99.99  -99.99   -1.83    0.37    1.09    1.26    1.27    2.28    1.06    2.60   -0.46    0.37    1.17    1.20    1.08    0.80    0.67    0.73    0.80    0.39    0.52    0.31    0.34   -1.71    0.07   -0.78  -99.99    0.84  -99.99  -99.99  -99.99  -99.99  -99.99  -99.99  -99.99  -99.99  -99.99  -99.99  -99.99  -99.99  -99.99  -99.99  -99.99  -99.99  -99.99  -99.99   -0.05    1.57    1.62   -0.03    0.36    0.20    0.15    0.17    0.34   -0.14
   1.18    0.33    0.37    0.19    0.21   -0.58   -0.67   -0.19   -0.61   -0.01   -0.16    0.50  -99.99  -99.99  -99.99  -99.99  -99.99  -99.99  -99.99  -99.99    1.26    1.77    2.03    1.68    1.72    1.00    1.13    1.18    1.22    1.13    0.94    0.67    0.55    0.53    0.53    0.71    0.59    0.43    0.34    0.34    0.41    0.47    0.18  -99.99  -99.99  -99.99  -99.99  -99.99  -99.99  -99.99  -99.99  -99.99  -99.99  -99.99  -99.99  -99.99  -99.99  -99.99  -99.99    0.79    1.92    1.43    0.85    1.56    1.49   -0.01    0.74    0.51    1.70   -0.35   -0.37    1.09
   1.11    1.15    0.52    0.76    0.14    0.02   -0.23    0.17    0.51    0.63    0.56    0.34    0.38  -99.99  -99.99  -99.99  -99.99  -99.99   -0.48   -1.29    0.74    1.22    1.24    1.33    1.52    1.39    1.17    1.10    1.15    1.37    0.78    0.11    0.63    0.05    0.08  -99.99  -99.99  -99.99  -99.99    0.75    0.19    0.10   -0.22    0.76  -99.99  -99.99  -99.99  -99.99  -99.99  -99.99  -99.99  -99.99  -99.99  -99.99  -99.99  -99.99  -99.99  -99.99  -99.99  -99.99    1.69    1.43    1.04    0.64    0.32    0.92    0.98    0.91    0.91    0.76    0.28    0.39
   1.08    1.17    0.73    0.89    1.02    0.33    0.60    0.64    0.96    0.87    0.99    1.27    0.73    0.32  -99.99  -99.99    1.22    1.52    1.37    0.69    1.26    1.23    1.24    0.59    1.00    1.12    1.04    0.98    0.71    0.36    0.61    0.97    0.42   -0.02  -99.99  -99.99  -99.99  -99.99  -99.99  -99.99  -99.99  -99.99   -0.04   -0.01  -99.99   -1.16    0.15    1.18  -99.99  -99.99  -99.99  -99.99  -99.99  -99.99  -99.99  -99.99  -99.99  -99.99  -99.99   -3.36    1.66    1.58    1.08   -0.08   -0.31    0.05   -0.05   -0.29   -0.08    0.68    0.84    0.77
   2.37    0.72    1.22    0.36    0.32    0.50    0.60    0.69    0.70    1.33    1.27    1.95    1.46   -0.66    0.24  -99.99    1.42    1.70    1.15    1.08    0.66    0.64    0.74    0.60    0.56    0.66    0.56    0.88    0.65    0.32   -0.23    0.47   -0.04  -99.99  -99.99  -99.99  -99.99  -99.99  -99.99  -99.99  -99.99  -99.99  -99.99   -0.30  -99.99  -99.99   -0.40    0.60    0.66   -0.23    3.98  -99.99  -99.99  -99.99  -99.99  -99.99  -99.99   -1.26    0.21    0.88    0.84    0.65   -0.02   -0.20    0.37   -0.43    0.56    0.19    1.03    0.75    1.15    1.15
   0.54    0.32    0.18    0.34    0.25    0.43    0.41    0.28   -0.82    0.94    0.47    0.05    0.23    0.08    0.93    0.70    1.11    1.41    1.20    0.66    0.40    0.48    0.72    0.80    0.98    0.73    0.28    0.64    0.33    0.81    0.04    0.00   -1.08  -99.99  -99.99  -99.99  -99.99  -99.99  -99.99  -99.99  -99.99  -99.99  -99.99   -0.17    0.21  -99.99    0.22    0.67    0.54    0.38   -0.40  -99.99  -99.99    0.40  -99.99  -99.99  -99.99   -0.36    0.19    0.32    0.54    0.48    0.35   -0.09    0.33    0.04    0.58    0.38    0.70    0.90    0.99    0.97
   0.46    0.53    0.53    0.38    0.95    0.35    0.80    0.40    0.90    1.07    1.10    0.94    1.13    0.88    0.53    0.59    0.76    1.04   -0.05    0.77    0.61    0.90    0.86    0.78    0.52    0.91    0.33    0.84    0.53   -0.33    0.77   -0.95   -0.94  -99.99  -99.99  -99.99  -99.99  -99.99  -99.99  -99.99  -99.99  -99.99  -99.99  -99.99    0.18    0.25    0.33    0.33    0.19    0.64    0.34   -1.36   -0.69    0.61    0.47    1.46    0.06   -0.46    0.59    0.65    0.60    0.33    0.33    0.48    0.71    0.75    0.69    0.66    0.46    0.21    0.50    0.45
   0.55    0.42    0.61    0.69    0.54    0.54    0.04    0.90    0.31    0.78   -0.84    0.80    1.09    0.84    0.14    0.47   -0.12    0.88    0.55    0.83    0.06  -99.99  -99.99  -99.99    0.65    0.50   -0.12   -0.09    0.16   -0.13    0.86    1.32    0.24    1.25    2.01   -0.92  -99.99  -99.99  -99.99  -99.99  -99.99  -99.99  -99.99  -99.99  -99.99  -99.99    0.93    1.12    0.57    0.04   -0.20   -0.25    0.20    0.35    0.17    0.06    0.14   -0.24   -0.43    0.34   -0.28    0.62    0.52    0.76    0.89    0.91    0.59    0.47    1.07    2.15    0.77    0.74
 -99.99   -1.78   -1.13   -0.37   -2.68    0.24    0.41    0.91    0.13   -1.60    0.21    0.32    1.01    0.60    0.45   -1.01    1.23    1.95    1.39   -0.45   -3.12  -99.99  -99.99  -99.99  -99.99   -0.16    0.22    0.24    0.44    1.35    0.62    0.74  -99.99    0.75    0.91    1.13    0.47    0.58  -99.99  -99.99  -99.99  -99.99  -99.99  -99.99  -99.99    0.95    0.41    0.46   -1.43    0.36   -2.86    0.84    0.62   -0.50   -0.47    0.17    0.65    0.23   -1.17   -0.24    0.24    0.28   -1.92    0.09    0.52    0.42   -0.93    1.08   -0.14    0.99   -0.21  -99.99
  -0.13   -0.85   -0.32  -99.99   -2.58    0.71   -0.55    0.69    0.35    0.93    1.76    0.78  -99.99   -0.13    1.12    0.41    1.58    1.71    1.61    2.39  -99.99  -99.99  -99.99  -99.99  -99.99  -99.99    0.54    0.18   -0.11    0.30    0.60    0.70    0.31  -99.99   -0.10    0.34    0.20    0.56  -99.99  -99.99  -99.99  -99.99  -99.99    0.55    0.56    0.78   -0.24    0.62   -2.61    0.62   -0.59    0.78   -0.23   -0.35   -0.25    0.12  -99.99    0.58    0.41   -0.64    1.10    0.62   -0.50    0.40    0.44    0.55    0.91    0.92    1.08    0.79    0.21   -1.00
   0.41    0.56    0.34  -99.99   -1.04    0.27   -0.51   -0.39    1.25    1.35    1.42    1.29    0.91    1.21    1.21    0.10    0.96    0.23    0.16    3.02    2.10  -99.99  -99.99  -99.99  -99.99  -99.99  -99.99  -99.99   -0.08   -0.49   -0.31  -99.99    3.56    1.50   -0.48    0.45    1.03    1.22   -0.63  -99.99  -99.99  -99.99  -99.99    0.29    0.51    0.97   -0.04    1.43    0.83    1.61    1.01    0.15    0.02   -1.04    0.10    0.64    0.52   -0.01    0.43   -0.44    0.98    0.89   -0.14   -0.49    1.67    0.41    0.35    0.84    1.06    1.08    0.77    0.77
  -0.20    0.66    0.82    0.77    0.43   -0.45    1.40    0.89    1.55    1.48    1.32    1.25    1.13    0.55    0.93    1.47    1.62    0.36    0.17    0.68    1.31  -99.99  -99.99  -99.99  -99.99  -99.99  -99.99  -99.99    0.17   -0.52   -0.64   -0.88   -0.58    3.16    3.44   -0.09   -0.20    0.45    0.33  -99.99  -99.99  -99.99  -99.99  -99.99    0.69    0.43    0.39  -99.99    0.58    0.26    0.04    0.23    0.07   -1.05   -0.18   -0.66    0.28    0.37    0.71   -0.11    0.42    0.04    0.07    0.11    0.63    0.45    0.94    0.93    0.64    0.98    0.80   -0.17
  -0.04    1.56    2.43    1.09    1.35    1.64    1.23    1.11    1.02    1.43    1.16    0.58    0.15    1.00    0.73    0.10    0.05   -1.38  -99.99    1.29    1.97    1.67  -99.99  -99.99  -99.99  -99.99  -99.99  -99.99    0.29    0.05   -0.41   -0.58    0.20    0.22    1.51    1.81   -0.34   -0.28   -1.72  -99.99  -99.99  -99.99  -99.99    1.35    1.43    1.48    0.55    0.61    0.69    0.11    0.50    3.03    0.09   -0.30   -0.53   -0.92   -1.10   -0.75    0.09    0.15   -0.25  -99.99  -99.99    5.55  -99.99    0.93    1.31    1.27    0.79    0.38    0.65    0.23
   0.56    1.17    0.11    0.61    1.16    1.54  -99.99    1.13    1.27    0.79    0.65   -0.82    0.96    1.16    1.35    0.47    0.59    0.50    0.43    0.87    0.93    1.54  -99.99  -99.99  -99.99  -99.99    1.58    0.91    0.78    0.57    0.83    0.38    0.59   -0.09   -0.09   -0.07   -0.41   -0.23   -1.33  -99.99  -99.99  -99.99  -99.99    0.97  -99.99    1.42    1.29    0.72    1.35    1.70    1.49    0.56   -0.40   -0.59   -0.81   -0.72   -0.52   -0.07    1.15    0.80  -99.99  -99.99  -99.99  -99.99  -99.99    1.09    0.83    0.84    0.24    0.40    0.57    0.39
   0.70    0.77    0.09    0.29  -99.99    0.75    0.86    0.77    1.55    1.20    0.47    0.61    0.89    0.46    1.02    1.01    1.10    1.12    0.67   -0.22    0.71    0.66  -99.99  -99.99  -99.99  -99.99    2.18    1.17    1.04    1.38    1.80    1.29    1.18    1.08    0.74    0.54   -0.03   -0.21   -0.06   -0.43  -99.99  -99.99    0.44    1.34    1.76    1.60    1.53    1.21    1.00    0.43    1.36    1.28    0.97    0.38    0.24   -0.03   -0.81   -0.82   -0.44  -99.99  -99.99  -99.99  -99.99  -99.99  -99.99  -99.99    1.46    1.12    0.98    0.71    0.48    0.70
   1.16    1.73    1.32    1.11    1.70    0.37    1.67    0.96    0.92    1.50    1.01    0.53   -0.25  -99.99    0.48    0.62    1.44    1.04    1.85    1.98    0.74    0.63  -99.99  -99.99    3.48    2.59    1.76    1.43    1.58    1.43    1.89    1.15    1.19    0.96    0.50    0.24    0.33    0.33    0.06   -0.23   -0.17    0.58    0.94    0.83    0.03    0.49    1.38    0.48    0.53    1.53    1.08    1.16    1.39    0.04    0.23    0.02   -0.34   -0.58   -0.84   -0.06    0.39   -0.17   -0.12    1.30  -99.99  -99.99    1.69    1.41    1.35    0.85    0.11    0.92
   1.55    1.06    1.93    2.00    1.98    1.59    1.97    1.85    1.26    2.19    1.00    0.72    0.33   -0.62   -1.00  -99.99  -99.99    0.83    1.87    1.21    2.47    1.21  -99.99  -99.99    2.28    2.04    1.87  -99.99    1.82    1.33    1.68    1.50    0.71    0.19    0.45   -0.07   -0.02   -0.26   -0.29   -0.68    0.10   -0.71    1.86    0.35    0.43    0.89    0.51    0.59    0.63    1.09    1.72    1.87    1.08    1.17    0.23   -0.05   -0.16    0.20   -0.90    0.76    0.22    0.03    1.12    0.91    0.60    0.05    0.95    1.09    0.96   -0.38   -0.13   -0.14
  -0.47    0.64    3.32    2.78    2.28    2.63    2.28    2.34    1.96    1.69    1.00    0.86    1.53    0.37   -0.41   -0.68   -0.29    0.13   -0.06    0.37    1.51    0.52  -99.99    1.53    0.72    0.66  -99.99  -99.99    0.78    1.78    1.47  -99.99   -1.35   -0.48  -99.99   -0.08   -0.25   -0.05    1.56   -0.31    0.80    0.26    0.68    0.59    1.79    1.33    1.19    1.49    1.74    2.68    1.12   -1.25   -0.48   -1.11   -0.34    0.07  -99.99   -0.23   -0.64   -0.72  -99.99  -99.99   -0.44   -0.06   -0.74    0.38    0.58    0.42    0.05   -0.24   -0.37   -0.34
   0.77  -99.99  -99.99    0.89    1.33    1.45    1.07    2.81    2.51    2.17  -99.99  -99.99  -99.99  -99.99   -0.62   -0.84   -0.93  -99.99  -99.99    0.31    0.72    0.35    1.00    1.35    1.33   -0.29  -99.99   -3.34   -2.04   -0.76   -1.47   -0.92   -1.27   -2.46   -3.05   -2.06   -1.05   -0.50    0.52    0.37    0.98    0.28    0.72  -99.99  -99.99    0.81    0.47    2.43    0.92    0.27    0.76    0.20    0.59   -0.78   -0.55  -99.99   -0.43   -0.58   -0.16    0.36    0.33    0.47   -0.05   -0.22   -0.19   -0.01    0.01   -0.80   -0.71    0.36    0.26   -0.57
   0.45    0.73    0.64    0.81    1.15    0.88    0.78    0.43    0.42    1.15    0.79  -99.99    0.81    0.87  -99.99  -99.99  -99.99  -99.99  -99.99  -99.99    0.27    0.58    0.11    0.51    1.01    0.26   -0.73   -0.68   -0.30   -0.75   -1.14   -1.00  -99.99   -1.97   -1.78   -1.63   -0.11    0.13   -0.26   -0.25   -0.60  -99.99  -99.99  -99.99  -99.99  -99.99  -99.99  -99.99    1.13    0.82    0.66    0.48  -99.99  -99.99  -99.99  -99.99  -99.99  -99.99  -99.99    0.18  -99.99  -99.99    0.43    0.08    0.92    0.20    0.23   -0.09   -0.23    0.42    0.17    0.45
 -99.99    0.45    1.25    0.91  -99.99    1.37    0.54    0.50    1.04  -99.99    0.52    0.90    1.35  -99.99  -99.99  -99.99  -99.99  -99.99   -0.05   -0.11    0.16    1.55    0.68   -0.59   -0.45   -0.05   -0.18    0.52   -0.19    1.37  -99.99  -99.99    0.52    0.29    0.11    0.17    0.45  -99.99  -99.99    0.54    0.83    0.98    0.98  -99.99  -99.99  -99.99  -99.99  -99.99  -99.99  -99.99  -99.99  -99.99  -99.99  -99.99  -99.99  -99.99    0.78    1.23    0.35    0.37  -99.99  -99.99    0.90  -99.99    1.18    1.15    1.39    1.49  -99.99    1.02    0.78  -99.99
 -99.99    0.84    0.86  -99.99  -99.99  -99.99  -99.99  -99.99  -99.99  -99.99  -99.99  -99.99  -99.99   -0.71  -99.99    0.04    0.31   -0.04   -0.14    0.25  -99.99  -99.99    1.09    0.74    0.05   -0.26  -99.99    0.22  -99.99    1.72    1.22  -99.99  -99.99  -99.99  -99.99  -99.99  -99.99  -99.99  -99.99  -99.99  -99.99  -99.99  -99.99  -99.99  -99.99  -99.99  -99.99  -99.99   -0.29    0.04   -0.10    0.09    0.65    0.17    0.16    0.38  -99.99  -99.99  -99.99    0.34    0.66    1.19    1.38    1.12    1.32    1.49   -1.33  -99.99  -99.99  -99.99  -99.99  -99.99
  -0.22    0.76    0.56   -0.09   -1.42  -99.99  -99.99  -99.99  -99.99  -99.99  -99.99  -99.99    0.18    0.40   -0.38   -0.14    0.01   -0.92    0.04    0.01    1.47    1.27    0.96    0.12  -99.99    1.10  -99.99  -99.99  -99.99  -99.99    1.20  -99.99  -99.99  -99.99  -99.99  -99.99  -99.99  -99.99  -99.99  -99.99  -99.99  -99.99  -99.99  -99.99  -99.99  -99.99  -99.99    0.57   -0.29   -0.14   -0.11    0.05    1.74  -99.99   -0.82   -0.18  -99.99  -99.99  -99.99    0.44    0.08  -99.99  -99.99  -99.99    1.77  -99.99  -99.99   -1.18    0.55  -99.99  -99.99  -99.99
  -0.33   -0.53    0.60  -99.99  -99.99  -99.99  -99.99  -99.99  -99.99  -99.99   -0.36   -0.10   -0.69  -99.99    0.63   -0.02  -99.99  -99.99  -99.99  -99.99  -99.99  -99.99  -99.99  -99.99  -99.99  -99.99  -99.99  -99.99   -0.05    0.23    0.73  -99.99  -99.99  -99.99  -99.99  -99.99  -99.99  -99.99  -99.99  -99.99  -99.99  -99.99  -99.99  -99.99  -99.99  -99.99  -99.99  -99.99  -99.99  -99.99  -99.99  -99.99  -99.99  -99.99  -99.99  -99.99  -99.99  -99.99  -99.99  -99.99  -99.99  -99.99  -99.99  -99.99  -99.99  -99.99  -99.99  -99.99  -99.99    0.06    0.13   -0.48
 -99.99  -99.99  -99.99  -99.99  -99.99  -99.99  -99.99  -99.99  -99.99  -99.99  -99.99  -99.99  -99.99  -99.99  -99.99  -99.99  -99.99  -99.99  -99.99  -99.99  -99.99  -99.99  -99.99  -99.99  -99.99  -99.99  -99.99    0.60    0.74    0.43   -0.17  -99.99  -99.99  -99.99  -99.99  -99.99  -99.99  -99.99  -99.99  -99.99  -99.99  -99.99  -99.99  -99.99  -99.99  -99.99  -99.99  -99.99  -99.99  -99.99  -99.99  -99.99  -99.99  -99.99  -99.99  -99.99  -99.99  -99.99  -99.99  -99.99  -99.99  -99.99  -99.99  -99.99  -99.99  -99.99  -99.99  -99.99  -99.99    0.30    0.15  -99.99
 -99.99  -99.99  -99.99  -99.99  -99.99  -99.99  -99.99  -99.99  -99.99  -99.99  -99.99  -99.99  -99.99  -99.99  -99.99  -99.99  -99.99  -99.99  -99.99  -99.99  -99.99  -99.99  -99.99  -99.99  -99.99  -99.99  -99.99  -99.99  -99.99  -99.99  -99.99  -99.99  -99.99  -99.99  -99.99  -99.99  -99.99  -99.99  -99.99  -99.99  -99.99  -99.99  -99.99  -99.99  -99.99  -99.99  -99.99  -99.99  -99.99  -99.99  -99.99  -99.99  -99.99  -99.99  -99.99  -99.99  -99.99  -99.99  -99.99  -99.99  -99.99  -99.99  -99.99  -99.99  -99.99  -99.99  -99.99  -99.99  -99.99  -99.99  -99.99  -99.99
 -99.99  -99.99  -99.99  -99.99  -99.99  -99.99  -99.99  -99.99  -99.99  -99.99  -99.99  -99.99  -99.99  -99.99  -99.99  -99.99  -99.99  -99.99  -99.99  -99.99  -99.99  -99.99  -99.99  -99.99  -99.99  -99.99  -99.99  -99.99  -99.99  -99.99  -99.99  -99.99  -99.99  -99.99  -99.99  -99.99  -99.99  -99.99  -99.99  -99.99  -99.99  -99.99  -99.99  -99.99  -99.99  -99.99  -99.99  -99.99  -99.99  -99.99  -99.99  -99.99  -99.99  -99.99  -99.99  -99.99  -99.99  -99.99  -99.99  -99.99  -99.99  -99.99  -99.99  -99.99  -99.99  -99.99  -99.99  -99.99  -99.99  -99.99  -99.99  -99.99
