3.616445788838973385e-02
1.469416243173782277e-02
1.647524221800949817e+00
4.705684726495746872e-01
3.656071760514350899e+00
8.664387171593261883e-01
4.543216463670546545e+00
3.361313656631637059e-01
2.698127317619309906e-01
2.299960391935314874e+00
7.651189309747110201e+00
4.968192947129637105e-01
8.198733677729705960e-01
1.996931265984585480e+00
1.311079915900563719e-01
9.391838726094192680e-01
4.110710379569582074e-01
1.705382900922813860e-03
4.838100568736081186e-02
3.915447750389375869e-01
3.517870230289190658e-01
1.616297165378682621e+00
1.882090346415793647e+00
2.382050365863506158e-01
3.761854883703108499e-02
2.154974074392157490e-02
7.407071740715309716e-02
7.187619543284426982e-01
1.972038559755446840e-01
1.930229701360985928e-02
1.726400190974004545e+00
3.097164978385080758e-03
1.048850884245098314e+00
2.572345985006222691e+00
5.467240294091993746e+00
5.547790063527600068e-01
9.489394566799091990e-02
3.597979156180826976e+00
1.029427365499600455e+00
1.247121072455342983e+00
1.245577181269368339e+00
1.877431211831662949e+00
8.904113645612596883e-01
7.381524389643345785e-03
4.510213659208375248e-01
2.888564846638246308e-01
4.743528892767017169e-01
2.445704594038033974e-03
2.325865264452090742e+00
2.819351076500424824e-01
1.571223847148303321e+00
2.155925329805086221e-01
3.215716436007596712e+00
4.122770076833148778e-03
3.540633289474271805e+00
1.231764409258289561e+00
5.282230853356395528e-02
7.564724871906491899e-02
8.483844113293343980e-01
3.540766902947325434e-01
3.000990061098036676e-01
8.821221326024897280e-02
9.079589821703848429e-02
4.666955320192300860e-01
7.034708030041656457e-01
1.252194852487150456e+00
1.233349541562915874e+00
4.087484318156384688e-01
1.324418743873820858e-01
8.471029596603329992e-02
1.871695660195200617e-01
2.681231299588375805e+00
1.808547365808408358e-01
1.243679121669174492e+00
2.584520368613539176e+00
1.307904471338929397e+00
8.963083146227290854e-04
1.308048678141631171e-01
4.781944651017511205e-02
4.562287637899885340e+00
1.204347010663923356e+00
4.945962311830953695e-02
1.806888711089527533e+00
4.802579741294721316e-01
3.248410405937192991e+00
6.617141460837387967e+00
1.028599656018400310e+00
2.009539268005937629e-01
1.063357655346067077e+00
7.897835074220438401e-02
1.225073900120719372e+00
1.052262616777852600e+00
8.815484581136843190e-01
7.246471038555455380e+00
2.085283846164429633e-01
2.481627460124286699e+00
6.453714993228913954e-01
2.340750802735556135e-01
1.702527289107592878e+00
1.193684884058939133e+00
