3.094951741613726881e+00
4.863202617823390028e-01
4.386102974243613062e-01
7.677393793522696797e+00
3.650560981793887549e+00
3.950885081135311339e-01
5.469817246921593323e-01
4.133574803479859838e+00
1.224671289493244331e-01
7.640943872956995619e-03
6.099233416723564005e-01
2.070049463734790152e+00
8.868708577469988086e-01
5.424028148627257906e-02
1.535310083243075496e-01
1.148118738797165861e-02
8.856945741626987001e-03
3.713104603801866688e-01
1.938014425091296289e+00
1.236761396482393138e+00
2.386429408925323514e-01
8.215564132763120142e-02
3.965487958714675187e+00
5.722497270562598715e-02
7.959142554841491801e-02
1.664252414127531665e-01
1.037362423484182727e-01
2.585196465955732492e-01
5.128182366695455130e-01
1.836407297764708346e-02
1.626272414066079364e+00
8.034231687778401465e-01
1.842249950670975522e-01
1.284943290567071017e-01
2.825102183079479801e-01
2.901826119019119687e+00
1.275348171294695021e+00
7.583192203853741375e-01
6.928119361430162826e-02
6.334759115068209212e-01
4.003231837259590975e-04
2.895957628245355409e+00
9.828031716278928798e-02
1.121960911327164467e+00
1.060527523736254807e+00
1.631021101150054164e-02
1.524368019165649457e+00
2.594277088064700365e-03
4.047264436661635045e-01
7.236548845480683667e-01
2.372691736461547407e+00
2.503405637501714409e+00
1.851771782867217553e-03
5.098975694298815142e-01
3.220044395553145478e+00
1.578971830619138927e+00
1.489853037632542510e+00
1.334829786572981902e-01
3.607141674048079949e-01
2.447389988212307799e+00
1.970071499241612401e-01
3.997800439628917957e-02
9.125437440752648399e-01
3.659154308452798432e+00
4.582149159607524780e-01
1.137651365761485067e-01
5.027241876188782044e+00
2.945783925611067389e-02
1.091217643838717777e+00
2.812259453868023229e+00
1.258627242758620923e-01
1.188723660487426059e+00
7.305171186347934054e-01
1.009808632744579882e-01
6.322851749218898476e-01
8.358835406329490070e-02
3.638282566158522968e+00
5.238149470824282616e-02
3.343884726700707688e-02
2.565658565474677744e-01
1.793350011256052312e+00
1.359287140205196920e+00
2.526335894291378281e-01
6.501377291637027156e-01
8.521886110811465187e-01
5.854913339989025189e-01
1.050717005114165659e-03
1.431787265921457220e+00
2.673959677101720445e-01
2.719939703790714702e-01
1.070847826850922502e-01
1.382359933610473490e+00
2.917849808542314349e-01
8.206977529996493104e-01
1.452039134437654866e-02
4.325810660848446787e+00
1.233606937819331506e-01
1.527303433204565408e+00
1.808661976066559873e+00
4.006889122928214420e-01
