5.818658652331896164e-01
1.064680381300786571e-01
4.422568779728428545e-01
1.526567826352778212e+00
8.709902502487705256e-01
2.945380014070995145e-01
5.397681804632707969e-01
6.194539634634570469e-01
7.098836296685129277e-01
1.280935971976811416e+00
1.394662653433330401e+00
8.652753216659281321e-01
5.012777046400098691e-01
9.955660753587216583e-01
6.665389185539343231e-01
-3.321880362968537836e-01
3.143175513482150407e-01
2.167973164737357905e-02
8.016218812359938717e-01
2.935584096817280830e-01
1.400710569233517333e+00
8.916974573823370775e-01
1.400576327982389735e+00
1.919981685882462319e+00
9.660685667988206937e-01
6.564954274505236942e-01
7.043656887939491185e-01
1.688418797136834737e-01
7.829381399023120913e-01
9.211804940713079759e-01
7.864438569223826114e-01
1.086774777930754610e+00
6.182893090745298359e-01
8.244718538663886598e-01
1.167728473289147306e+00
2.977020682593516376e-01
3.729404588481557425e-01
4.587072146157491481e-01
2.945968924415778289e-01
-5.747824283531366429e-02
7.320081660006292346e-01
9.322912548321387050e-01
-3.444377219271511636e-01
-6.028237698968456071e-01
5.920376116421857127e-01
3.530129641600969759e-01
1.238766139310239378e+00
6.370351167260945857e-02
7.050020347547625299e-01
1.294253707272542187e+00
7.754180296057144872e-02
9.855842315504586004e-01
8.468920101779084941e-01
2.113395990659900914e-01
7.085474567005212165e-02
2.630266167821138090e-02
3.840494470378645886e-01
-8.375193877283882982e-01
1.163288296855678361e+00
1.288780351319818163e+00
5.114370972510342561e-01
1.044010084907057490e+00
7.367313576033160949e-01
1.291071135063261544e+00
3.514682174880394694e-01
1.784324809817432467e-01
2.527420429773270527e-01
8.481632498688549404e-01
-3.772264182097551100e-02
8.913829569464621905e-01
6.151975538436871282e-01
4.852414333900905152e-01
8.936501885420149449e-01
1.558648721733804532e+00
5.499944015241871043e-01
4.520877065909196801e-01
8.404709375349304068e-01
9.053314091719379952e-01
1.026189242074436514e+00
8.477380905828142410e-01
3.490110647827182611e-01
7.512781491966675773e-01
7.607977072275340369e-02
5.029620721078926771e-01
7.686765978148355494e-01
7.956127448411529635e-01
3.102327162150682049e-01
2.606640842746030806e-01
4.741940695897630675e-01
1.714871231684362840e-01
8.370371193797347953e-01
5.484697290928810531e-01
8.135759902330881310e-01
4.381796668122630578e-01
1.007165759044080122e+00
2.729158659668189379e-01
1.384554785821396017e+00
3.693453231066672338e-01
-2.829154549658881024e-01
6.748190624709549112e-01
6.578078087327554613e-02
9.031848980123156068e-01
1.081649668843016165e+00
2.554876648494979197e-01
1.253910303237505630e+00
3.719766070741985509e-01
1.014348826861681818e+00
6.942174868381287833e-01
6.944635033699215754e-01
3.976040097630590964e-01
-6.717585279938682596e-01
6.228149474032063093e-01
2.355111315404765371e-01
5.062239349293502499e-01
3.816385360713230313e-01
5.274148477010862646e-01
5.855328498872944820e-01
1.304833875930628828e-01
5.051934592318980677e-01
7.696298390716460602e-02
1.170236968843663128e-01
1.725788383864854669e+00
5.632241875722323599e-01
9.204103459695911482e-02
5.197793344327317211e-01
1.711042023627972863e+00
6.602228080090191131e-01
-3.554318798517941413e-01
1.912949790133344763e-01
1.399992981864577768e+00
4.794301736158224081e-01
6.485254275011429481e-01
4.341874463694082031e-01
2.825306228350603632e-01
1.031585125375850787e+00
8.618875907778793533e-01
8.705413032231734682e-01
2.122992878315712595e-01
7.916604880460931248e-01
-2.869017339212311946e-01
4.086433574702796889e-01
1.170052843712463986e+00
1.287619912890772600e+00
7.671069356813877693e-01
1.213257911394924449e+00
5.064034177523182301e-01
1.684054063828405390e+00
4.155032841215167139e-01
-4.263422868444889380e-01
9.770596679273335639e-02
3.120757711877630847e-01
1.803921190668591912e+00
-5.296609273010491892e-01
4.839668969566623957e-01
2.777167969644824819e-01
2.867333460624408303e-01
1.515932051551717397e+00
2.073712088023813571e-01
1.506050416808741854e+00
4.422655121007825763e-01
4.274275329197112505e-01
6.024540406027178996e-01
-1.402938993735547424e-01
7.514787486095115820e-01
5.419759738621112710e-01
1.417206781505615520e+00
-4.940348068558683137e-01
9.011691670493138240e-02
1.062885569372924444e+00
1.569348992607523474e+00
1.154237517115417333e-01
4.487058030095703032e-01
2.689665707065063138e-01
2.475646682981642588e-01
1.798531857607921225e-01
7.478136980152259028e-01
-3.731531100222048591e-01
4.267418401365827840e-01
1.385775218099658534e-01
2.564622352115564219e-02
1.148491150600668753e+00
7.300648250538162021e-01
1.405020420225636890e+00
3.373487937607015930e-01
8.116024540164268330e-01
9.958427408633316880e-01
2.399274590081486025e-01
7.611766543786271377e-01
-2.588949715824526709e-01
7.829811059105225013e-01
3.117077139926420770e-01
4.334554977719446978e-01
1.721114669904459937e-01
2.301410076905103796e-01
3.553986287654460341e-01
7.479337786057072002e-02
1.335081457714785813e+00
2.945525276790363911e-01
5.024947092650906555e-01
1.225048992946085935e+00
2.391188528373919819e-01
7.947123448421411496e-02
2.393023166074836894e-02
9.478302163114107337e-01
8.249595288986426578e-01
6.909860759602981517e-03
9.895647966909915105e-02
4.595471143048266427e-01
8.598205385332220452e-01
9.918304801729753706e-01
1.521574773061741492e+00
3.300202950725679152e-01
3.750879887945850477e-01
1.034343989234709493e+00
8.297178009705346025e-01
5.682552832578964264e-01
4.857385276064674073e-02
8.127694909786953303e-01
9.846002500006227898e-01
7.655912533827580191e-01
3.196264390012488743e-01
-1.160965638826727542e-02
1.822424813214520878e+00
8.034024412431814977e-01
1.649415730767702648e+00
6.729482156376667135e-01
1.110418054991691772e+00
8.458060947494343562e-01
3.826001654656416839e-01
7.788234044242496878e-01
-4.293052158748456026e-02
4.716096850853275235e-01
4.579006032373582613e-01
1.090869535866080930e+00
7.059109169070767464e-01
6.948261354693610059e-01
6.880263803540891399e-01
8.807209117794783104e-01
9.787450315476351470e-01
-1.114456250438445872e-01
1.277365845377664400e+00
7.020563044473262515e-01
1.646632211467766727e-01
8.949131374380256965e-01
7.772485256839871681e-01
4.006347062699409101e-01
9.370818730420933385e-01
1.768644263555749774e-01
4.317654255638321281e-01
1.038964487802463754e+00
3.202558237493153825e-01
5.801690149531899543e-01
9.960927217261961175e-02
4.513949846339113670e-01
5.226117127946401375e-01
1.680431147422780658e+00
2.241409378168577327e-01
1.489912090362837560e+00
1.203114719250909737e+00
1.165268107757742477e+00
5.499736923241109743e-01
6.061877345888908586e-01
8.635087612672129875e-01
-5.954504152355631907e-01
2.707130776128430227e-02
4.447871564274947787e-01
2.918686681867856958e-01
-1.888684790386087053e-01
-8.613785710674621843e-01
-9.735645369489215328e-01
4.127197215688247489e-01
9.655049341929895501e-01
7.964243880706143308e-01
4.570208183462269869e-01
6.360980574395644904e-01
1.024256514405197382e+00
-3.246557897055234454e-01
4.799100271574812115e-01
1.420458188196001004e-01
-9.024415685972254630e-01
4.528830501685288112e-02
-8.217724406123190217e-01
7.237858114207922355e-01
3.546241688431268635e-01
1.609418003534564878e+00
8.511452197259410379e-01
1.167563090703567674e+00
-2.662716469589279100e-01
1.621939401875493125e+00
7.879732408869051241e-01
6.273501783396664422e-01
-2.844509519912663542e-03
-2.887633945644080269e-01
1.078071979721724194e+00
5.663602320264837786e-02
1.316877547282406802e-01
5.470709840313057182e-01
2.604320778860880203e-01
8.726855447243879738e-01
8.438589599121208984e-01
2.315464208250028744e-01
1.766871158437007150e+00
-4.438534651809701304e-01
6.616919506322567202e-01
1.004313114128926987e+00
5.973566187195373800e-01
-3.680823540616954270e-01
3.262812019626393223e-01
7.326407486559991522e-01
1.739543549108460319e+00
5.173215094530247971e-01
7.244428950013828139e-01
9.113180114628005590e-01
-9.712285275556988839e-01
3.176385812101023554e-01
1.016651473531617000e+00
2.994447956673171873e-01
5.149187078821553243e-01
1.940025839068035829e-01
1.083315699450817071e+00
8.258646124201622918e-01
3.796360461133541087e-01
2.881399220839897524e-01
5.776979980102057155e-01
1.379319685783770844e-01
2.580837113257585802e-01
5.180161947968988656e-01
5.307837210084955792e-01
8.058598782141048744e-01
1.024350582460722414e+00
2.184415317732282258e-01
-4.521340829873344846e-01
-8.409067576576892966e-01
8.397735011501570312e-01
9.255208322112045138e-01
1.111490236481531113e+00
2.874252915013506549e-01
9.450063088387672394e-02
4.560501430854322358e-01
1.110663233657245286e+00
8.777544973321029786e-01
4.297260191984608735e-01
9.065194303690948807e-01
7.283717007935095467e-01
1.422380116981498688e+00
3.487197430073070148e-01
9.054927181624417010e-01
1.153330596854604817e+00
1.174930614341250568e+00
8.468879115131149327e-01
1.385218811028056773e+00
8.584879226333619329e-02
4.223004535091705591e-01
7.772670636847596182e-01
-2.932292825873308306e-01
1.822878304846588637e+00
4.837067208533023521e-01
2.302175151493706107e-01
3.131075706324453201e-01
-8.119904178167208775e-01
7.060339374705244531e-01
6.973398624704774118e-01
1.405018284602641110e+00
1.070856352786174970e+00
7.357757893297680596e-01
-1.879295829852130062e-01
8.726649701589457298e-01
1.531479078783639203e+00
2.860764645111939508e-01
-1.673892350802564932e-01
1.340595441569108814e+00
5.596558729085296946e-01
1.395191788695829160e+00
6.338415365420506653e-01
-2.881335519073735529e-02
9.759140355692883517e-01
1.086416042772124335e+00
9.144049924726194156e-01
6.687380951304144894e-01
-3.032470999184385674e-01
1.090195362592320194e+00
1.075200782221027218e+00
3.342932560665601294e-01
8.275476732346951358e-01
2.916495385733730572e-01
1.479108076752958745e+00
9.168658501444533204e-01
9.359073075398534058e-01
3.763507287734715323e-01
8.949871480986459904e-01
1.059032073657940831e+00
-5.573335545817632575e-01
8.104857695185785360e-01
6.092488908252398083e-01
-6.332747432587400027e-01
6.411151393720126990e-02
8.495250224371910797e-01
3.830072659507592903e-01
2.782158555992166882e-01
8.209176815930443460e-01
1.824909373643231358e+00
6.981064802722194429e-01
1.294425132193537831e+00
3.843223861162008426e-01
9.178225936145818498e-01
5.912381239659665333e-01
-3.292572970373239816e-01
7.597637705156261578e-01
-4.055087491036214464e-01
1.380216117343914917e+00
1.326725153525893486e+00
1.152342595496293143e+00
5.559365376047316065e-01
4.335216931724716893e-01
8.788368014429055464e-01
5.077118862059040172e-01
4.429615946493203893e-01
6.409330467085414540e-01
1.276317002036237991e-01
5.780891405886734447e-01
6.570840148367018685e-02
1.210845232101835478e+00
5.037284555606686975e-01
-8.280791170604220319e-01
8.876038786860083185e-01
-5.116747916039592337e-01
1.488182195578720890e+00
2.947905675528676994e-01
6.170597743459493856e-01
4.560919144460267027e-01
4.920003307960894023e-01
2.586264587024296180e-01
-1.010630563106397206e-01
4.569076719942053444e-01
1.327853504795324380e+00
5.393698544668836803e-01
1.137937120120170231e+00
1.398960263431823670e+00
9.326229316601137853e-01
4.109216621269593528e-01
3.618891310624801072e-01
3.217505623463132736e-01
1.638325351218224313e+00
-4.414078208235959755e-01
1.818067763202620757e+00
-4.411849757411229200e-01
1.072653659083280697e+00
3.586125024056654453e-01
1.506894550919541054e+00
-5.962784563151011241e-01
5.713303129504878619e-01
1.339982999088968896e-01
4.605152908980825188e-01
1.394974161968351112e+00
4.202622098436430420e-01
-1.947916262101468954e-01
1.365958735835915761e+00
-9.324883033379538499e-02
9.208064627306287164e-01
1.735963009002351676e+00
1.302452665730929660e+00
6.809654631714603390e-01
5.008418386775170816e-01
5.730424234704720732e-01
5.971575569539369077e-01
5.199304298816795900e-01
3.021340164063692768e-01
9.338067831335064017e-01
1.501048378847618103e-01
1.200813693839719587e-01
1.334660038505171009e-01
3.221855568855134244e-01
8.660437489404251288e-01
1.172611422669546766e+00
-3.687992264656100305e-01
3.692167065419860172e-01
-5.045404176467827018e-01
8.608311415844451808e-01
1.721890411105192698e+00
7.359229903053923216e-01
9.770728528379084565e-01
3.716236682576803396e-01
8.949630623737634405e-01
4.301540350668009438e-01
1.257180022512529582e-01
8.064812498650808514e-01
5.906936683037478097e-01
7.461043818288195517e-01
-5.004449493231033497e-01
6.208044000971590926e-01
6.134062684473726712e-01
8.481173912690018746e-01
-6.795255498398897753e-01
-6.743435990777060240e-01
4.393136798574190927e-01
-8.043316967522691208e-01
1.734911933793892302e-02
1.297749071672833487e+00
-9.100335770268501712e-01
1.699738934420655934e-01
5.880894131411906756e-01
6.720441369844443180e-02
1.445236907932515802e+00
5.533707203363804616e-01
5.512304534821348412e-01
-3.365969776026960236e-01
-2.551523625846330301e-01
-2.633750149284092013e-01
-6.113879539343765046e-01
6.126504249872057883e-01
6.396810807770325624e-02
5.085516802027130190e-01
7.010392284878523839e-01
2.727921047880255134e-01
4.563476483194177646e-01
5.510864477371946180e-02
1.285583763987769856e-01
1.040178643337222653e+00
2.673055758116431591e-01
1.663344298948381983e+00
3.734590858184283491e-01
6.814554428972132705e-01
3.097237595807917909e-01
3.135764027267295972e-01
-7.596758851094067566e-01
1.243062591924387839e+00
1.007796371492716503e+00
1.139708248380824074e+00
-1.839932419372402039e-01
7.271081533216596782e-01
1.396271315421335757e-01
5.975211321634397166e-01
-8.713566127284133600e-02
6.634974762173058149e-01
1.372393685186644952e+00
-3.203170046748231581e-01
7.109172753287307245e-02
-4.031899869081820853e-01
3.430927947355029151e-01
1.552787844200766543e+00
1.027187696295189578e+00
3.099669080128850673e-01
1.025097458229311975e+00
4.210506866840046936e-01
4.379398823585476386e-01
8.138578871466730646e-01
4.779542866172019622e-01
4.545109576949257768e-01
8.726381041216508816e-01
9.647668233414277150e-01
1.393658341048780613e+00
8.359326538729394684e-03
1.280105577205992162e-01
4.378055726201861564e-01
9.216355927229580303e-02
1.217036037269651594e+00
-1.092528038858650019e-01
7.007744044569967912e-01
-1.886628399777398046e-01
9.598623553806322484e-01
3.717472635996732500e-01
4.010939927273562411e-01
8.186061148690377820e-01
1.105093972364114663e+00
8.773072543789406375e-02
-9.733960064841462589e-02
3.497380618268648433e-01
1.907736148186880420e-01
1.914007485320117219e-01
1.084380252195800587e+00
1.398362370866592208e+00
1.385643804039202287e+00
6.868146322104409229e-01
1.177670405215685889e+00
3.812161899514556751e-01
-1.636059663767185368e-01
6.489929809301269170e-01
4.091758166988810341e-01
7.026123706341915742e-01
6.605553730990796346e-01
5.436637589839778961e-01
8.532866836709658287e-01
1.973371790536699866e+00
4.480599273256702375e-01
-3.361976968397822896e-01
1.517572348221449818e+00
-2.811633482296298503e-01
4.902962939845778578e-01
2.117675852702247674e-01
1.559248562326883913e+00
4.657497908018690680e-01
3.484805588642219121e-01
-6.158036200403788074e-01
7.371636603501965368e-01
2.612521675172012614e-01
1.450842139252076279e+00
-6.910566710820964520e-01
8.805208484391038315e-01
6.260158330845237984e-01
5.719566276875558408e-01
3.171763343130722390e-01
7.864823714760866835e-01
-7.453021464609710378e-02
4.594348344455045918e-02
-5.570984812954776766e-01
5.335191785834163536e-01
6.762200030614762269e-02
9.888428860150422217e-01
1.245575622879368183e+00
1.744872876419793162e+00
7.506817964423349032e-01
5.296743707817275215e-01
4.516902418473640601e-01
8.487023723529762975e-02
7.268409580916619372e-01
3.347810735830734075e-01
1.646097324634821391e+00
9.195276073624261137e-01
2.778346202670769483e-01
1.058855990840939842e+00
8.369404822170987135e-01
9.138779446102178738e-01
1.059972120748838620e+00
2.963212558517507311e-01
1.066223580444339625e+00
-1.154468125078356167e-03
1.346616749169086802e+00
5.228256995893989512e-01
9.724119607134174004e-02
8.991260345718634639e-01
5.224837576222847169e-01
-1.437365793258477131e-01
6.679690818996713020e-01
5.907520985492937804e-01
3.035993531317369154e-01
4.631485798625329942e-01
5.442165169635126976e-01
8.036883989456757860e-01
-6.703703217177059415e-03
7.533870614250286479e-01
7.110626521932028599e-01
9.303010659926345127e-01
4.557235698509685129e-01
9.878653584687544509e-01
4.965318028625691493e-01
-1.004478384121844092e-01
9.166522553715519273e-01
1.383771693929037205e+00
5.146153877955055300e-01
-4.240593424956329294e-02
6.219763967812226291e-01
2.864088124736297036e-01
1.068013141896983598e+00
7.328162041871797427e-01
1.245485524648235476e+00
-4.147053862880500930e-01
6.609310528145124763e-01
1.283496885340997373e+00
1.049921145692888746e+00
1.083232916460761253e+00
1.636461044934720555e-01
5.836845180644703035e-01
-2.066965822251359830e-01
-7.936489254482121947e-01
1.318535117889768848e+00
6.647421713110224228e-01
4.940891451316211658e-01
-5.606197939480846992e-01
1.090798691977313606e+00
5.017245745628691189e-01
9.619933092405692499e-01
1.903505044172211225e-01
3.979264287146708767e-01
1.265606714508598962e+00
-1.937221348219408945e-01
8.918207667214343992e-01
4.442002362073371735e-01
-3.021767539183366491e-01
6.092552796409704818e-01
5.263361797724590563e-01
5.961674234187883670e-01
1.811904508080881548e+00
1.287472123723318873e-01
3.794372664227294578e-01
8.844443537681705436e-01
4.141236978398925572e-01
-4.552167032893120746e-01
4.905372714585953808e-01
7.017746661253776441e-01
1.080713899050196325e+00
3.480856988363687510e-01
5.000821546028868525e-01
1.018780224484349350e+00
2.003252221542994871e-01
1.383177096354592184e+00
1.592684487365801260e+00
5.510339075868628811e-01
1.613301040861028213e+00
-3.515494661713804980e-01
8.291742399904564742e-01
8.023144310250722722e-01
-6.728898949421282527e-01
2.019272677979457864e-01
9.532815112282135850e-01
-1.018394231617980594e-02
-8.967807789810352537e-01
7.985140474995513493e-01
3.461538981209777432e-01
1.465583417845788716e+00
4.274413536862589069e-01
5.277706848263510331e-01
-7.232340732846026521e-01
1.170343245543926880e+00
1.753174929521791547e+00
1.461713089626569317e+00
9.541423012939542758e-01
1.003645956195282629e+00
1.009601404024018656e+00
6.180198820978315410e-01
1.042301473961845915e+00
1.342265609215931743e+00
3.028118765207785668e-01
1.285016650342971190e+00
7.622955433771296807e-01
4.657694782761720997e-01
6.764790935375843972e-01
1.388754745843190364e-02
3.835960157271391946e-01
6.215857852770751979e-01
5.115975968709585153e-01
2.362405752307350504e-02
3.284915829141197285e-01
2.583613162737252722e-02
4.688396158388854484e-01
-1.750052351976276732e-01
1.015114762463766418e+00
9.100788308512215430e-01
5.327601171318510076e-01
-1.292481013167823267e-02
4.864073715285690547e-01
7.470105473799122375e-01
4.119862489508965275e-01
1.861598919953535436e+00
5.878073234611524978e-01
8.880100514928126465e-01
9.311177803110066709e-01
5.634190213715823958e-01
8.146252964771096838e-01
1.075550889080481021e+00
8.938076603379878637e-01
5.812589593197925453e-01
1.986093476084820342e+00
7.330082592879061387e-01
1.028460983974931686e+00
2.077738618591458142e-01
-3.207789145304394962e-01
2.987796230904335992e-01
1.275191858397078271e+00
1.124611739231506924e+00
3.065697182413600341e-01
1.426839336796703606e+00
8.358811626955309215e-01
1.130861169481398143e+00
8.855975095077548431e-01
8.787416597185797595e-01
6.902322587397597964e-01
1.039109527677287037e+00
7.445060790568045483e-01
-1.413781487748283494e-01
1.013101172664045535e+00
4.645074659412185003e-01
1.066865743636556285e+00
5.664108121834272591e-01
7.042409414056427508e-01
2.488383569572656384e-01
6.304573271879023721e-01
8.769509217880100405e-01
4.562936631419587385e-01
5.953994973302123572e-01
-8.822199587792453057e-01
8.556873694121427398e-01
1.440605850497009399e+00
3.191985995204815740e-01
-7.970334868850046384e-01
3.079336784640438474e-01
2.523276305207571291e-01
1.182803759544881039e+00
-2.527354091334926833e-01
1.290522947336354420e+00
1.794832178317665505e+00
3.339137946776711274e-01
4.552612738511165880e-01
1.813714072384733367e-01
5.723278883806792727e-01
8.196486970402636629e-01
3.015975910887707112e-01
3.272342478920879927e-01
2.625464773975192401e-01
1.781148494399587001e-01
7.790693640341370685e-01
9.763058289779276144e-01
5.191545403401560677e-01
9.393669213003821294e-01
1.017199135308167524e+00
4.255520666439118749e-01
5.551612266906293947e-01
1.060455440487698464e+00
4.882835073379598878e-01
2.328865690388721710e-01
1.039246314451816477e+00
3.532510622209577011e-01
2.769723509233170677e-01
5.579696112152379150e-01
3.146048521542179621e-01
7.882463133362542784e-01
1.662348078903773896e+00
9.519242837280370573e-01
1.509073595481954744e+00
8.486385436471848287e-01
2.859662575093020465e-01
1.141421109569362713e+00
4.508650309860282590e-01
5.322134054358238497e-01
6.439808993672091475e-02
-6.741420983228986197e-01
3.389799592494686653e-01
9.318706325553676173e-01
7.566049433254673495e-01
8.347809725981880646e-01
1.016122203683132330e+00
3.580819028657677983e-01
1.179482658736289657e+00
1.366996426230787876e+00
7.775002673560600375e-01
-8.115446457867490082e-01
3.078215603409719670e-01
8.376788839817475019e-01
7.933150275055265155e-01
1.283984379312401281e+00
9.075262220590949447e-01
1.362632705782640397e-01
7.005458379106728195e-01
2.888312573944766815e-01
1.310962105357807772e+00
4.414375637239760231e-01
6.538871076473906641e-01
1.603183139974773130e-01
8.320750368916187689e-01
9.239258913900065817e-01
7.462644181587556602e-01
5.991619203622131629e-01
-4.166793765353116186e-03
-3.967836963957365182e-01
1.306606070746918036e+00
1.661083286600177011e+00
1.232399374867900299e+00
4.316468042867080968e-01
7.952823227591516719e-01
8.589613219937342059e-01
-6.212250266400137777e-01
1.419883895055435996e+00
7.668958185060952282e-01
1.214455445509573739e+00
1.000953881172438109e+00
9.433908016563221643e-01
1.710463369491207253e+00
7.574069722892620149e-01
1.535292659500320234e-01
2.764016984438941726e-01
5.433325373682222903e-01
1.224430335957771732e+00
-1.848138843417245214e-01
9.151649444608100925e-01
8.564192431296331343e-01
3.731835058225589918e-01
-5.248409350080289748e-01
9.563349193410064508e-01
6.734163963277701725e-01
-1.503196568670394084e-01
1.064252970179142999e+00
-4.317478842242820081e-01
1.085120644243001031e+00
1.531081293360875950e+00
-2.636662855880016476e-01
7.834708683641478100e-01
1.280202951838657732e+00
3.788071809551705194e-01
3.996608329996154119e-01
7.064197805326815072e-01
6.953667544402404310e-01
1.438074556227148193e+00
7.277958406582913931e-01
9.721248035876719484e-01
4.523011904405447314e-01
-3.306913139736888940e-02
4.849224900989834719e-01
1.988521098562549216e+00
3.293901703029591399e-01
6.815107164006444229e-01
2.246695264681377591e-01
1.937721495136091043e-01
1.714710466976623326e+00
6.781524952153965557e-01
7.154719904365691718e-01
7.095772807183622355e-01
4.573818360135102346e-01
1.494409880236855948e+00
1.745404277470085752e+00
8.477644080982948971e-01
6.416097258776689571e-01
1.239203542509962119e+00
5.516613961247258668e-01
1.220495510692612307e+00
1.900115464738791893e-01
5.030611948812566681e-01
4.434306023825316245e-01
9.188351511377916836e-01
1.282333984769155499e+00
1.294655801365151238e+00
1.068571898408250398e+00
-7.189371229166883204e-01
6.860909671200887683e-01
1.858807763772275301e+00
8.579930097650039222e-01
5.643901185498130246e-01
1.065236339301397273e+00
3.071547517845674147e-01
8.523930954840670537e-01
1.353051811430215245e+00
3.648018267982315876e-01
5.386702752602454680e-01
1.613581781925434999e-01
6.126556247434862268e-01
-1.415133161839001730e-01
-8.026190025682713447e-01
3.715174796726981032e-01
1.386790930615648954e-01
7.136394802816024008e-01
1.036442754353593898e+00
1.643420536613953153e+00
1.000779551867908346e+00
-3.994498732635751725e-01
1.316396918444726616e+00
8.193163960306142357e-01
6.973901873808296958e-01
8.926387951970884416e-01
8.149923011537847373e-01
7.240217568758784417e-01
1.212300345359511589e-01
3.432769235503414507e-01
5.543760537761301954e-01
6.545868625084789727e-01
9.474457663304449717e-01
6.751149915455507688e-01
6.646351469392248745e-01
8.548414431161344140e-02
1.016740497610975069e-01
1.483813935838042219e+00
1.504282462259115327e+00
-2.443480004931685157e-01
2.612805626660612557e-01
8.845675673399626682e-01
-1.396873298516893014e-01
-3.956437208941476769e-01
2.634567279078785518e-01
1.397294246387497552e+00
1.366187820994015922e-01
3.696183168324709278e-01
1.831633059761882620e+00
1.007793273098972708e+00
3.831092559029936062e-01
4.131784471736708042e-01
7.339240686088666088e-01
4.771089990149410820e-01
5.206420793952573067e-01
1.199996350234572073e+00
1.022837176235972922e+00
7.100966834254658355e-01
1.680502552876080191e+00
3.766909736208294834e-01
7.130539312757224746e-01
8.338663365520593285e-01
1.999601310476517568e-01
2.037051591165632836e-01
7.017147989181060641e-01
6.484886576839210548e-01
4.403286194571427448e-01
9.790295984670995821e-01
9.645696017420979373e-02
6.859400205458974220e-01
5.047023248017565855e-01
7.592292092352255217e-01
1.998552446076242717e-01
1.254964790391155383e-01
5.633651958300811557e-01
2.411373036511592627e-01
7.459298034679691103e-01
2.891232386193667292e-01
7.283389803332345203e-01
8.918590141996856069e-01
